Jugador: Jugador 1
Ficha: [1|3]
Tablero: [1|3] 
-----------------------------------
Jugador: Jugador 2
Ficha: [4|5]
Tablero: [1|3] [4|5] 
-----------------------------------
Jugador: Jugador 1
Ficha: [2|2]
Tablero: [1|3] [4|5] [2|2] 
-----------------------------------
Jugador: Jugador 2
Ficha: [3|6]
Tablero: [1|3] [4|5] [2|2] [3|6] 
-----------------------------------
Jugador: Jugador 1
Ficha: [1|1]
Tablero: [1|3] [4|5] [2|2] [3|6] [1|1] 
-----------------------------------
Jugador: Jugador 2
Ficha: [0|6]
Tablero: [1|3] [4|5] [2|2] [3|6] [1|1] [0|6] 
-----------------------------------
Jugador: Jugador 1
Ficha: [3|3]
Tablero: [1|3] [4|5] [2|2] [3|6] [1|1] [0|6] [3|3] 
-----------------------------------
Jugador: Jugador 2
Ficha: [1|2]
Tablero: [1|3] [4|5] [2|2] [3|6] [1|1] [0|6] [3|3] [1|2] 
-----------------------------------
Jugador: Jugador 1
Ficha: [2|5]
Tablero: [1|3] [4|5] [2|2] [3|6] [1|1] [0|6] [3|3] [1|2] [2|5] 
-----------------------------------
Jugador: Jugador 2
Ficha: [1|6]
Tablero: [1|3] [4|5] [2|2] [3|6] [1|1] [0|6] [3|3] [1|2] [2|5] [1|6] 
-----------------------------------
Jugador: Jugador 1
Ficha: [3|5]
Tablero: [1|3] [4|5] [2|2] [3|6] [1|1] [0|6] [3|3] [1|2] [2|5] [1|6] [3|5] 
-----------------------------------
Jugador: Jugador 2
Ficha: [2|4]
Tablero: [1|3] [4|5] [2|2] [3|6] [1|1] [0|6] [3|3] [1|2] [2|5] [1|6] [3|5] [2|4] 
-----------------------------------
Jugador: Jugador 1
Ficha: [0|2]
Tablero: [1|3] [4|5] [2|2] [3|6] [1|1] [0|6] [3|3] [1|2] [2|5] [1|6] [3|5] [2|4] [0|2] 
-----------------------------------
Jugador: Jugador 2
Ficha: [0|0]
Tablero: [1|3] [4|5] [2|2] [3|6] [1|1] [0|6] [3|3] [1|2] [2|5] [1|6] [3|5] [2|4] [0|2] [0|0] 
-----------------------------------
